0.10   1.00  4.3542E-01  5.2750E-01  7.2670E-01  5.0388E-01  4.0860E-01  3.4830E-01  
0.15   1.00  4.3270E-01  5.9975E-01  8.9450E-01  5.9930E-01  4.0625E-01  3.4450E-01  
0.20   1.00  3.8510E-01  6.0990E-01  9.5085E-01  6.3790E-01  3.6290E-01  3.0415E-01  
0.25   1.00  3.2425E-01  5.8070E-01  9.2695E-01  6.3205E-01  3.0820E-01  2.5405E-01  
0.30   1.00  2.6595E-01  5.3050E-01  8.5385E-01  5.9685E-01  2.5610E-01  2.0715E-01  
0.35   1.00  2.1620E-01  4.7265E-01  7.5810E-01  5.4590E-01  2.1185E-01  1.6790E-01  
0.40   1.00  1.7560E-01  4.1570E-01  6.5885E-01  4.9000E-01  1.7550E-01  1.3635E-01  
0.45   1.00  1.4290E-01  3.6425E-01  5.6850E-01  4.3660E-01  1.4585E-01  1.1120E-01  
0.50   1.00  1.1630E-01  3.2015E-01  4.9260E-01  3.8940E-01  1.2105E-01  9.1000E-02  
0.55   1.00  9.4000E-02  2.8285E-01  4.3145E-01  3.4900E-01  9.9650E-02  7.3950E-02  
0.60   1.00  7.4800E-02  2.5105E-01  3.8225E-01  3.1410E-01  8.0850E-02  5.9250E-02  
0.65   1.00  5.8100E-02  2.2240E-01  3.4060E-01  2.8240E-01  6.4000E-02  4.6200E-02  
0.70   1.00  4.3450E-02  1.9495E-01  3.0165E-01  2.5115E-01  4.8950E-02  3.4650E-02  
0.75   1.00  3.0750E-02  1.6675E-01  2.6135E-01  2.1795E-01  3.5650E-02  2.4550E-02  
0.80   1.00  1.9850E-02  1.3645E-01  2.1670E-01  1.8095E-01  2.4150E-02  1.5900E-02  
0.85   1.00  1.1300E-02  1.0354E-01  1.6640E-01  1.3910E-01  1.4660E-02  9.0000E-03  
0.90   1.00  4.9400E-03  6.8105E-02  1.1065E-01  9.2590E-02  7.2250E-03  3.9500E-03  

0.10   1.41  5.5376E-01  6.6082E-01  8.7411E-01  6.4342E-01  5.2822E-01  4.6901E-01  
0.15   1.41  5.1345E-01  6.8994E-01  9.8540E-01  6.9763E-01  4.8888E-01  4.2999E-01  
0.20   1.41  4.4115E-01  6.6622E-01  9.9386E-01  7.0014E-01  4.2151E-01  3.6637E-01  
0.25   1.41  3.6415E-01  6.1207E-01  9.3475E-01  6.6582E-01  3.5089E-01  3.0090E-01  
0.30   1.41  2.9484E-01  5.4420E-01  8.3865E-01  6.0962E-01  2.8730E-01  2.4260E-01  
0.35   1.41  2.3662E-01  4.7430E-01  7.2993E-01  5.4411E-01  2.3396E-01  1.9426E-01  
0.40   1.41  1.8934E-01  4.0917E-01  6.2470E-01  4.7863E-01  1.9025E-01  1.5536E-01  
0.45   1.41  1.5113E-01  3.5199E-01  5.3207E-01  4.1867E-01  1.5436E-01  1.2406E-01  
0.50   1.41  1.1997E-01  3.0347E-01  4.5503E-01  3.6651E-01  1.2457E-01  9.8605E-02  
0.55   1.41  9.4246E-02  2.6258E-01  3.9272E-01  3.2200E-01  9.9427E-02  7.7578E-02  
0.60   1.41  7.2732E-02  2.2754E-01  3.4158E-01  2.8333E-01  7.8057E-02  5.9946E-02  
0.65   1.41  5.4579E-02  1.9632E-01  2.9760E-01  2.4832E-01  5.9675E-02  4.5074E-02  
0.70   1.41  3.9435E-02  1.6703E-01  2.5653E-01  2.1455E-01  4.4075E-02  3.2533E-02  
0.75   1.41  2.6832E-02  1.3811E-01  2.1532E-01  1.8017E-01  3.0929E-02  2.2117E-02  
0.80   1.41  1.6755E-02  1.0881E-01  1.7207E-01  1.4397E-01  2.0105E-02  1.3793E-02  
0.85   1.41  9.0743E-03  7.8840E-02  1.2629E-01  1.0578E-01  1.1606E-02  7.4242E-03  
0.90   1.41  3.7523E-03  4.8865E-02  7.9161E-02  6.6338E-02  5.3770E-03  3.0715E-03  

0.10   1.73  6.1066E-01  7.2467E-01  9.4396E-01  7.1038E-01  5.8582E-01  5.2724E-01  
0.15   1.73  5.4889E-01  7.2927E-01  1.0236E+00  7.4059E-01  5.2544E-01  4.6771E-01  
0.20   1.73  4.6307E-01  6.8776E-01  1.0076E+00  7.2384E-01  4.4515E-01  3.9157E-01  
0.25   1.73  3.7807E-01  6.2095E-01  9.3158E-01  6.7553E-01  3.6611E-01  3.1813E-01  
0.30   1.73  3.0342E-01  5.4481E-01  8.2512E-01  6.0946E-01  2.9692E-01  2.5439E-01  
0.35   1.73  2.4148E-01  4.6967E-01  7.1088E-01  5.3757E-01  2.3953E-01  2.0192E-01  
0.40   1.73  1.9149E-01  4.0125E-01  6.0363E-01  4.6812E-01  1.9280E-01  1.5996E-01  
0.45   1.73  1.5126E-01  3.4203E-01  5.1058E-01  4.0577E-01  1.5462E-01  1.2630E-01  
0.50   1.73  1.1864E-01  2.9207E-01  4.3371E-01  3.5201E-01  1.2315E-01  9.9054E-02  
0.55   1.73  9.1954E-02  2.5015E-01  3.7146E-01  3.0621E-01  9.6887E-02  7.6805E-02  
0.60   1.73  6.9926E-02  2.1433E-01  3.2016E-01  2.6652E-01  7.4940E-02  5.8430E-02  
0.65   1.73  5.1653E-02  1.8253E-01  2.7576E-01  2.3068E-01  5.6398E-02  4.3191E-02  
0.70   1.73  3.6709E-02  1.5301E-01  2.3449E-01  1.9648E-01  4.0954E-02  3.0619E-02  
0.75   1.73  2.4511E-02  1.2442E-01  1.9365E-01  1.6224E-01  2.8207E-02  2.0424E-02  
0.80   1.73  1.4994E-02  9.6138E-02  1.5184E-01  1.2717E-01  1.7965E-02  1.2468E-02  
0.85   1.73  7.9198E-03  6.8021E-02  1.0884E-01  9.1229E-02  1.0107E-02  6.5412E-03  
0.90   1.73  3.1781E-03  4.0844E-02  6.6124E-02  5.5432E-02  4.5253E-03  2.6246E-03  

0.10   2.00  6.4695E-01  7.6485E-01  9.8785E-01  7.5305E-01  6.2215E-01  5.6415E-01 
0.15   2.00  5.6995E-01  7.5265E-01  1.0457E+00  7.6605E-01  5.4735E-01  4.9030E-01 
0.20   2.00  4.7525E-01  6.9945E-01  1.0140E+00  7.3675E-01  4.5855E-01  4.0605E-01 
0.25   2.00  3.8480E-01  6.2435E-01  9.2690E-01  6.7920E-01  3.7385E-01  3.2710E-01 
0.30   2.00  3.0700E-01  5.4310E-01  8.1410E-01  6.0710E-01  3.0120E-01  2.5990E-01 
0.35   2.00  2.4295E-01  4.6480E-01  6.9680E-01  5.3145E-01  2.4140E-01  2.0510E-01 
0.40   2.00  1.9140E-01  3.9455E-01  5.8860E-01  4.5970E-01  1.9295E-01  1.6140E-01 
0.45   2.00  1.5010E-01  3.3435E-01  4.9555E-01  3.9610E-01  1.5355E-01  1.2645E-01 
0.50   2.00  1.1680E-01  2.8375E-01  4.1905E-01  3.4160E-01  1.2125E-01  9.8350E-02 
0.55   2.00  8.9750E-02  2.4140E-01  3.5705E-01  2.9525E-01  9.4500E-02  7.5550E-02 
0.60   2.00  6.7600E-02  2.0530E-01  3.0590E-01  2.5520E-01  7.2400E-02  5.6900E-02 
0.65   2.00  4.9450E-02  1.7335E-01  2.6150E-01  2.1905E-01  5.3950E-02  4.1600E-02 
0.70   2.00  3.4750E-02  1.4395E-01  2.2035E-01  1.8485E-01  3.8750E-02  2.9150E-02 
0.75   2.00  2.2950E-02  1.1578E-01  1.8000E-01  1.5095E-01  2.6325E-02  1.9200E-02 
0.80   2.00  1.3800E-02  8.8270E-02  1.3935E-01  1.1680E-01  1.6530E-02  1.1550E-02 
0.85   2.00  7.1700E-03  6.1475E-02  9.8325E-02  8.2430E-02  9.1550E-03  5.9750E-03 
0.90   2.00  2.8200E-03  3.6125E-02  5.8470E-02  4.9020E-02  4.0050E-03  2.3400E-03 

0.10   2.24  6.7002E-01  7.9077E-01  1.0156E+00  7.8030E-01  6.4560E-01  5.8770E-01  
0.15   2.24  5.8213E-01  7.6606E-01  1.0582E+00  7.8093E-01  5.6005E-01  5.0388E-01  
0.20   2.24  4.8166E-01  7.0470E-01  1.0154E+00  7.4316E-01  4.6517E-01  4.1362E-01  
0.25   2.24  3.8772E-01  6.2440E-01  9.2137E-01  6.7960E-01  3.7703E-01  3.3121E-01  
0.30   2.24  3.0769E-01  5.3999E-01  8.0463E-01  6.0352E-01  3.0232E-01  2.6178E-01  
0.35   2.24  2.4238E-01  4.5993E-01  6.8579E-01  5.2561E-01  2.4114E-01  2.0572E-01  
0.40   2.24  1.9007E-01  3.8878E-01  5.7728E-01  4.5272E-01  1.9174E-01  1.6109E-01  
0.45   2.24  1.4834E-01  3.2813E-01  4.8454E-01  3.8855E-01  1.5179E-01  1.2555E-01  
0.50   2.24  1.1485E-01  2.7734E-01  4.0851E-01  3.3381E-01  1.1921E-01  9.7116E-02  
0.55   2.24  8.7708E-02  2.3497E-01  3.4691E-01  2.8737E-01  9.2387E-02  7.4149E-02  
0.60   2.24  6.5677E-02  1.9887E-01  2.9602E-01  2.4720E-01  7.0335E-02  5.5476E-02  
0.65   2.24  4.7765E-02  1.6706E-01  2.5184E-01  2.1110E-01  5.2075E-02  4.0294E-02  
0.70   2.24  3.3302E-02  1.3790E-01  2.1100E-01  1.7709E-01  3.7157E-02  2.8011E-02  
0.75   2.24  2.1834E-02  1.1016E-01  1.7124E-01  1.4366E-01  2.5055E-02  1.8322E-02  
0.80   2.24  1.3031E-02  8.3332E-02  1.3152E-01  1.1026E-01  1.5609E-02  1.0933E-02  
0.85   2.24  6.7000E-03  5.7470E-02  9.1916E-02  7.7065E-02  8.5544E-03  5.5952E-03  
0.90   2.24  2.5992E-03  3.3348E-02  5.3969E-02  4.5253E-02  3.6917E-03  2.1596E-03  

0.10   3.16  7.3345E-01  8.6140E-01  1.0920E+00  8.5555E-01  7.0960E-01  6.5300E-01  
0.15   3.16  6.1455E-01  8.0125E-01  1.0896E+00  8.2045E-01  5.9375E-01  5.3940E-01  
0.20   3.16  4.9605E-01  7.1595E-01  1.0156E+00  7.5695E-01  4.8105E-01  4.3240E-01  
0.25   3.16  3.9240E-01  6.2150E-01  9.0190E-01  6.7660E-01  3.8350E-01  3.4010E-01  
0.30   3.16  3.0715E-01  5.2835E-01  7.7500E-01  5.9025E-01  3.0285E-01  2.6500E-01  
0.35   3.16  2.3870E-01  4.4375E-01  6.5210E-01  5.0650E-01  2.3815E-01  2.0540E-01  
0.40   3.16  1.8465E-01  3.7045E-01  5.4315E-01  4.3085E-01  1.8665E-01  1.5855E-01  
0.45   3.16  1.4205E-01  3.0895E-01  4.5180E-01  3.6555E-01  1.4555E-01  1.2170E-01  
0.50   3.16  1.0825E-01  2.5810E-01  3.7745E-01  3.1045E-01  1.1250E-01  9.2650E-02  
0.55   3.16  8.1300E-02  2.1590E-01  3.1725E-01  2.6400E-01  8.5700E-02  6.9450E-02  
0.60   3.16  5.9800E-02  1.8015E-01  2.6750E-01  2.2400E-01  6.4050E-02  5.1000E-02  
0.65   3.16  4.2700E-02  1.4895E-01  2.2420E-01  1.8830E-01  4.6550E-02  3.6300E-02  
0.70   3.16  2.9150E-02  1.2072E-01  1.8465E-01  1.5515E-01  3.2475E-02  2.4750E-02  
0.75   3.16  1.8700E-02  9.4455E-02  1.4675E-01  1.2320E-01  2.1445E-02  1.5750E-02  
0.80   3.16  1.0865E-02  6.9680E-02  1.0995E-01  9.2235E-02  1.3010E-02  9.1500E-03  
0.85   3.16  5.3950E-03  4.6585E-02  7.4495E-02  6.2485E-02  6.8950E-03  4.5350E-03  
0.90   3.16  2.0000E-03  2.5920E-02  4.1960E-02	 3.5180E-02  2.8500E-03  1.6700E-03  

0.10   4.24  7.7345E-01  9.0617E-01  1.1396E+00  9.0346E-01  7.5003E-01  6.9427E-01   
0.15   4.24  6.3064E-01  8.1936E-01  1.1037E+00  8.4064E-01  6.1156E-01  5.5848E-01    
0.20   4.24  5.0085E-01  7.1828E-01  1.0085E+00  7.6022E-01  4.8743E-01  4.4005E-01    
0.25   4.24  3.9117E-01  6.1376E-01  8.8238E-01  6.6891E-01  3.8300E-01  3.4155E-01    
0.30   4.24  3.0274E-01  5.1580E-01  7.4943E-01  5.7632E-01  2.9920E-01  2.6304E-01    
0.35   4.24  2.3297E-01  4.2884E-01  6.2510E-01  4.8955E-01  2.3283E-01  2.0188E-01    
0.40   4.24  1.7842E-01  3.5492E-01  5.1683E-01  4.1275E-01  1.8057E-01  1.5425E-01    
0.45   4.24  1.3582E-01  2.9356E-01  4.2709E-01  3.4739E-01  1.3927E-01  1.1713E-01    
0.50   4.24  1.0238E-01  2.4321E-01  3.5452E-01  2.9265E-01  1.0644E-01  8.8104E-02    
0.55   4.24  7.6012E-02  2.0164E-01  2.9582E-01  2.4679E-01  8.0140E-02  6.5283E-02    
0.60   4.24  5.5229E-02  1.6666E-01  2.4718E-01  2.0737E-01  5.9122E-02  4.7294E-02    
0.65   4.24  3.8861E-02  1.3629E-01  2.0511E-01  1.7244E-01  4.2395E-02  3.3240E-02    
0.70   4.24  2.6161E-02  1.0908E-01  1.6684E-01  1.4021E-01  2.9204E-02  2.2254E-02    
0.75   4.24  1.6517E-02  8.4108E-02  1.3072E-01  1.0979E-01  1.8987E-02  1.4018E-02    
0.80   4.24  9.4270E-03  6.0973E-02  9.6220E-02  8.0747E-02  1.1304E-02  7.9716E-03    
0.85   4.24  4.5801E-03  3.9893E-02  6.3817E-02  5.3541E-02  5.8580E-03  3.8562E-03    
0.90   4.24  1.6404E-03  2.1573E-02  3.4921E-02  2.9289E-02  2.3512E-03  1.3797E-03    

0.10   4.47  7.7972E-01  9.1320E-01  1.1470E+00  9.1101E-01  7.5640E-01  7.0069E-01    
0.15   4.47  6.3303E-01  8.2194E-01  1.1056E+00  8.4361E-01  6.1414E-01  5.6132E-01    
0.20   4.47  5.0132E-01  7.1813E-01  1.0068E+00  7.6037E-01  4.8800E-01  4.4092E-01    
0.25   4.47  3.9060E-01  6.1220E-01  8.7884E-01  6.6720E-01  3.8268E-01  3.4158E-01    
0.30   4.47  3.0175E-01  5.1342E-01  7.4499E-01  5.7370E-01  2.9833E-01  2.6255E-01    
0.35   4.47  2.3182E-01  4.2615E-01  6.2042E-01  4.8649E-01  2.3174E-01  2.0112E-01    
0.40   4.47  1.7724E-01  3.5219E-01  5.1232E-01  4.0958E-01  1.7942E-01  1.5338E-01    
0.45   4.47  1.3467E-01  2.9091E-01  4.2289E-01  3.4427E-01  1.3812E-01  1.1626E-01    
0.50   4.47  1.0133E-01  2.4067E-01  3.5063E-01  2.8962E-01  1.0537E-01  8.7269E-02    
0.55   4.47  7.5094E-02  1.9924E-01  2.9222E-01  2.4389E-01  7.9181E-02  6.4551E-02    
0.60   4.47  5.4466E-02  1.6441E-01  2.4382E-01  2.0460E-01  5.8297E-02  4.6654E-02    
0.65   4.47  3.8232E-02  1.3419E-01  2.0196E-01  1.6983E-01  4.1707E-02  3.2714E-02    
0.70   4.47  2.5677E-02  1.0719E-01  1.6394E-01  1.3778E-01  2.8669E-02  2.1852E-02    
0.75   4.47  1.6157E-02  8.2431E-02  1.2813E-01  1.0762E-01  1.8581E-02  1.3740E-02    
0.80   4.47  9.1971E-03  5.9585E-02  9.4036E-02  7.8917E-02  1.1032E-02  7.7819E-03    
0.85   4.47  4.4502E-03  3.8843E-02  6.2139E-02  5.2134E-02  5.6951E-03  3.7500E-03    
0.90   4.47  1.5858E-03  2.0902E-02  3.3835E-02  2.8379E-02  2.2738E-03  1.3333E-03  

0.10   4.90  7.9057E-01  9.2537E-01  1.1598E+00  9.2408E-01  7.6743E-01  7.1181E-01  
0.15   4.90  6.3717E-01  8.2640E-01  1.1089E+00  8.4875E-01  6.1860E-01  5.6625E-01  
0.20   4.90  5.0212E-01  7.1786E-01  1.0039E+00  7.6064E-01  4.8898E-01  4.4241E-01  
0.25   4.90  3.8962E-01  6.0950E-01  8.7272E-01  6.6426E-01  3.8212E-01  3.4164E-01  
0.30   4.90  3.0003E-01  5.0932E-01  7.3732E-01  5.6916E-01  2.9684E-01  2.6169E-01  
0.35   4.90  2.2984E-01  4.2149E-01  6.1231E-01  4.8119E-01  2.2987E-01  1.9980E-01  
0.40   4.90  1.7521E-01  3.4746E-01  5.0450E-01  4.0408E-01  1.7744E-01  1.5189E-01  
0.45   4.90  1.3269E-01  2.8633E-01  4.1563E-01  3.3886E-01  1.3614E-01  1.1474E-01  
0.50   4.90  9.9508E-02  2.3628E-01  3.4391E-01  2.8437E-01  1.0352E-01  8.5824E-02  
0.55   4.90  7.3506E-02  1.9508E-01  2.8599E-01  2.3887E-01  7.7522E-02  6.3284E-02  
0.60   4.90  5.3146E-02  1.6052E-01  2.3800E-01  1.9982E-01  5.6870E-02  4.5548E-02  
0.65   4.90  3.7144E-02  1.3056E-01  1.9652E-01  1.6531E-01  4.0517E-02  3.1804E-02  
0.70   4.90  2.4838E-02  1.0390E-01  1.5892E-01  1.3359E-01  2.7742E-02  2.1156E-02  
0.75   4.90  1.5534E-02  7.9530E-02  1.2365E-01  1.0385E-01  1.7877E-02  1.3258E-02  
0.80   4.90  8.7991E-03  5.7183E-02  9.0256E-02  7.5749E-02  1.0560E-02  7.4535E-03  
0.85   4.90  4.2253E-03  3.7027E-02  5.9235E-02  4.9700E-02  5.4131E-03  3.5662E-03  
0.90   4.90  1.4912E-03  1.9740E-02  3.1956E-02  2.6803E-02  2.1400E-03  1.2530E-03  

0.10   5.29  7.9844E-01  9.3431E-01  1.1694E+00  9.3362E-01  7.7551E-01  7.2018E-01   
0.15   5.29  6.3990E-01  8.2916E-01  1.1107E+00  8.5220E-01  6.2146E-01  5.6946E-01   
0.20   5.29  5.0216E-01  7.1704E-01  1.0010E+00  7.6012E-01  4.8924E-01  4.4310E-01   
0.25   5.29  3.8854E-01  6.0687E-01  8.6729E-01  6.6156E-01  3.8123E-01  3.4113E-01  
0.30   5.29  2.9840E-01  5.0574E-01  7.3089E-01  5.6523E-01  2.9535E-01  2.6067E-01  
0.35   5.29  2.2804E-01  4.1759E-01  6.0571E-01  4.7676E-01  2.2816E-01  1.9850E-01   
0.40   5.29  1.7342E-01  3.4355E-01  4.9822E-01  3.9959E-01  1.7570E-01  1.5054E-01   
0.45   5.29  1.3103E-01  2.8259E-01  4.0980E-01  3.3448E-01  1.3448E-01  1.1344E-01   
0.50   5.29  9.8015E-02  2.3277E-01  3.3859E-01  2.8019E-01  1.0199E-01  8.4632E-02   
0.55   5.29  7.2210E-02  1.9180E-01  2.8110E-01  2.3488E-01  7.6173E-02  6.2228E-02   
0.60   5.29  5.2054E-02  1.5745E-01  2.3346E-01  1.9605E-01  5.5731E-02  4.4661E-02   
0.65   5.29  3.6285E-02  1.2774E-01  1.9230E-01  1.6178E-01  3.9580E-02  3.1082E-02   
0.70   5.29  2.4180E-02  1.0137E-01  1.5506E-01  1.3037E-01  2.7018E-02  2.0626E-02   
0.75   5.29  1.5068E-02  7.7326E-02  1.2024E-01  1.0099E-01  1.7345E-02  1.2861E-02   
0.80   5.29  8.4978E-03  5.5377E-02  8.7414E-02  7.3369E-02  1.0204E-02  7.2016E-03   
0.85   5.29  4.0593E-03  3.5678E-02  5.7082E-02  4.7894E-02  5.2041E-03  3.4273E-03   
0.90   5.29  1.4230E-03  1.8894E-02  3.0586E-02  2.5656E-02  2.0425E-03  1.1952E-03  

0.10   5.47  8.0175E-01  9.3809E-01  1.1734E+00  9.3765E-01  7.7892E-01  7.2377E-01 
0.15   5.47  6.4099E-01  8.3023E-01  1.1113E+00  8.5360E-01  6.2259E-01  5.7074E-01 
0.20   5.47  5.0207E-01  7.1658E-01  9.9958E-01  7.5977E-01  4.8926E-01  4.4331E-01 
0.25   5.47  3.8802E-01  6.0564E-01  8.6481E-01  6.6032E-01  3.8076E-01  3.4082E-01 
0.30   5.47  2.9763E-01  5.0411E-01  7.2802E-01  5.6346E-01  2.9466E-01  2.6016E-01 
0.35   5.47  2.2721E-01  4.1585E-01  6.0280E-01  4.7478E-01  2.2737E-01  1.9789E-01 
0.40   5.47  1.7262E-01  3.4182E-01  4.9546E-01  3.9761E-01  1.7491E-01  1.4992E-01 
0.45   5.47  1.3029E-01  2.8094E-01  4.0725E-01  3.3255E-01  1.3374E-01  1.1285E-01 
0.50   5.47  9.7354E-02  2.3123E-01  3.3627E-01  2.7835E-01  1.0132E-01  8.4104E-02 
0.55   5.47  7.1637E-02  1.9037E-01  2.7898E-01  2.3313E-01  7.5579E-02  6.1759E-02 
0.60   5.47  5.1570E-02  1.5612E-01  2.3148E-01  1.9441E-01  5.5233E-02  4.4272E-02 
0.65   5.47  3.5911E-02  1.2652E-01  1.9047E-01  1.6025E-01  3.9172E-02  3.0766E-02 
0.70   5.47  2.3894E-02  1.0027E-01  1.5340E-01  1.2898E-01  2.6703E-02  2.0399E-02 
0.75   5.47  1.4869E-02  7.6380E-02  1.1877E-01  9.9768E-02  1.7117E-02  1.2685E-02 
0.80   5.47  8.3686E-03  5.4605E-02  8.6198E-02  7.2352E-02  1.0052E-02  7.0929E-03 
0.85   5.47  3.9888E-03  3.5105E-02  5.6166E-02  4.7126E-02  5.1153E-03  3.3679E-03 
0.90   5.47  1.3944E-03  1.8537E-02  3.0009E-02  2.5172E-02  2.0014E-03  1.1710E-03 

0.10   5.66  8.0484E-01  9.4162E-01  1.1772E+00  9.4142E-01  7.8211E-01  7.2712E-01     
0.15   5.66  6.4201E-01  8.3123E-01  1.1119E+00  8.5492E-01  6.2364E-01  5.7195E-01    
0.20   5.66  5.0198E-01  7.1615E-01  9.9829E-01  7.5944E-01  4.8928E-01  4.4351E-01    
0.25   5.66  3.8754E-01  6.0449E-01  8.6250E-01  6.5916E-01  3.8032E-01  3.4052E-01    
0.30   5.66  2.9692E-01  5.0260E-01  7.2533E-01  5.6179E-01  2.9401E-01  2.5969E-01    
0.35   5.66  2.2643E-01  4.1423E-01  6.0007E-01  4.7294E-01  2.2664E-01  1.9732E-01    
0.40   5.66  1.7186E-01  3.4020E-01  4.9288E-01  3.9576E-01  1.7416E-01  1.4934E-01    
0.45   5.66  1.2960E-01  2.7939E-01  4.0486E-01  3.3074E-01  1.3305E-01  1.1230E-01    
0.50   5.66  9.6736E-02  2.2979E-01  3.3410E-01  2.7663E-01  1.0068E-01  8.3609E-02    
0.55   5.66  7.1102E-02  1.8903E-01  2.7698E-01  2.3150E-01  7.5023E-02  6.1319E-02    
0.60   5.66  5.1117E-02  1.5487E-01  2.2964E-01  1.9287E-01  5.4767E-02  4.3908E-02    
0.65   5.66  3.5561E-02  1.2538E-01  1.8876E-01  1.5881E-01  3.8790E-02  3.0471E-02    
0.70   5.66  2.3626E-02  9.9249E-02  1.5184E-01  1.2769E-01  2.6408E-02  2.0186E-02    
0.75   5.66  1.4683E-02  7.5495E-02  1.1740E-01  9.8622E-02  1.6903E-02  1.2520E-02    
0.80   5.66  8.2478E-03  5.3882E-02  8.5061E-02  7.1400E-02  9.9088E-03  6.9913E-03    
0.85   5.66  3.9229E-03  3.4569E-02  5.5310E-02  4.6408E-02  5.0322E-03  3.3123E-03    
0.90   5.66  1.3676E-03  1.8204E-02  2.9468E-02  2.4719E-02  1.9629E-03  1.1483E-03  

0.10   5.92  8.0914E-01  9.4653E-01  1.1825E+00  9.4665E-01  7.8654E-01  7.3177E-01
0.15   5.92  6.4343E-01  8.3263E-01  1.1127E+00  8.5674E-01  6.2511E-01  5.7361E-01
0.20   5.92  5.0187E-01  7.1554E-01  9.9648E-01  7.5898E-01  4.8931E-01  4.4379E-01
0.25   5.92  3.8686E-01  6.0289E-01  8.5929E-01  6.5755E-01  3.7971E-01  3.4011E-01
0.30   5.92  2.9593E-01  5.0049E-01  7.2160E-01  5.5949E-01  2.9310E-01  2.5903E-01
0.35   5.92  2.2536E-01  4.1197E-01  5.9629E-01  4.7037E-01  2.2562E-01  1.9653E-01
0.40   5.92  1.7081E-01  3.3795E-01  4.8929E-01  3.9319E-01  1.7313E-01  1.4854E-01
0.45   5.92  1.2863E-01  2.7725E-01  4.0154E-01  3.2824E-01  1.3208E-01  1.1154E-01
0.50   5.92  9.5878E-02  2.2778E-01  3.3109E-01  2.7425E-01  9.9807E-02  8.2923E-02
0.55   5.92  7.0358E-02  1.8717E-01  2.7422E-01  2.2923E-01  7.4251E-02  6.0709E-02
0.60   5.92  5.0488E-02  1.5313E-01  2.2707E-01  1.9073E-01  5.4120E-02  4.3403E-02
0.65   5.92  3.5074E-02  1.2379E-01  1.8639E-01  1.5682E-01  3.8260E-02  3.0061E-02
0.70   5.92  2.3254E-02  9.7828E-02  1.4967E-01  1.2588E-01  2.5999E-02  1.9890E-02
0.75   5.92  1.4425E-02  7.4266E-02  1.1549E-01  9.7031E-02  1.6607E-02  1.2291E-02
0.80   5.92  8.0800E-03  5.2879E-02  8.3482E-02  7.0079E-02  9.7105E-03  6.8502E-03
0.85   5.92  3.8314E-03  3.3824E-02  5.4121E-02  4.5411E-02  4.9169E-03  3.2351E-03
0.90   5.92  1.3304E-03  1.7740E-02  2.8718E-02  2.4091E-02  1.9095E-03  1.1169E-03